-----------------------------------------------------
Current time: 
 8.438
IMU angular velocity: 
 [-5.25125261e-05 -6.14932579e-04 -1.64546558e-03]
IMU linear acceleration: 
 [-0.30580343  0.01420747  9.81175525]
Joint positions: 
 [ 7.12632234e-02  7.14974048e-01 -1.66187663e+00 -7.12673691e-02
  7.13818272e-01 -1.66198971e+00  4.48752692e-02  7.34679098e-01
 -1.60453490e+00 -4.48364176e-02  7.33947290e-01 -1.60478432e+00
 -2.55218116e-05  2.59042896e+00 -9.82781327e-01 -1.29022978e+00
 -1.14742080e-04  9.99702476e-01]
Joint velocities: 
 [ 4.39500778e-06  2.18126906e-04 -9.34907840e-05 -1.56044049e-05
  2.15861623e-04 -7.24874497e-05 -2.53229957e-07  1.49282590e-04
  2.12577974e-04  1.94068703e-06  1.48273257e-04  2.25836868e-04
  6.51539926e-07  1.38938913e-06 -2.59723051e-07 -5.33908938e-07
  2.74732901e-08  1.03489476e-08]
Joint efforts: 
 [-19.241096433296413, 9.45560406813673, 43.707291160568374, 
 19.242288001330696, 9.767678346322034, 43.73768754934467, 
 -17.950108560845226, 6.1274388076167305, 41.81264893683443, 
 17.934557420112693, 6.420168375634009, 41.91233395324541, 
 0.00254585095983803, -9.042909621386391, -1.721865794572588, -0.9770199286235185, 0.001147398098775233, 0.002975226439786032]
Limb contact forces: 
 [157.71331493 157.6648875  160.44088293 160.67941789   0.        ]
-----------------------------------------------------
-----------------------------------------------------
Current time: 
 8.44
IMU angular velocity: 
 [-5.87480893e-05 -6.21264909e-04 -1.61482207e-03]
IMU linear acceleration: 
 [-0.30572507  0.01377707  9.81136857]
Joint positions: 
 [ 7.12632329e-02  7.14974486e-01 -1.66187682e+00 -7.12674010e-02
  7.13818705e-01 -1.66198986e+00  4.48752680e-02  7.34679398e-01
 -1.60453448e+00 -4.48364130e-02  7.33947588e-01 -1.60478387e+00
 -2.55204975e-05  2.59042897e+00 -9.82781328e-01 -1.29022978e+00
 -1.14742017e-04  9.99702476e-01]
Joint velocities: 
 [ 4.72247382e-06  2.18974235e-04 -9.38755773e-05 -1.59540559e-05
  2.16724192e-04 -7.28112829e-05 -6.01399357e-07  1.49807939e-04
  2.13288220e-04  2.28635561e-06  1.48812347e-04  2.26592332e-04
  6.57029968e-07  1.41558742e-06 -3.62411963e-07 -5.36790698e-07
  3.16837176e-08  1.04882545e-08]
Joint efforts: 
 [-19.241101094568517, 9.455480177894996, 43.7073443843993, 
 19.242298875910233, 9.767555574605765, 43.73772899638156, 
 -17.95010591589906, 6.12731562759569, 41.81247377534349, 
 17.934553441784313, 6.42004590744422, 41.91214786313665, 
 0.0025456657591235703, -9.042910160766455, -1.7218647138780068, -0.9770198072224968, 0.0011473933266799485, 0.00297522609267929]
Limb contact forces: 
 [157.71372931 157.66525792 160.44046721 160.67895854   0.        ]
 
 
 
 
 
 bullet数据
 -----------------------------------------------------
Current time: 
 10.3794
IMU angular velocity: 
 [-0.00673877 -0.00953834  0.00711265]
IMU linear acceleration: 
 [1.27200631 0.50610209 9.72571809]
Joint positions: 
 [-1.16682983e-02  8.05981160e-01 -1.61965791e+00  
 1.70722460e-02 8.06143068e-01 -1.58573351e+00 
 -4.90429656e-03  5.92064764e-01 -1.72521442e+00 
 -3.54487629e-03  6.13470337e-01 -1.70098932e+00
  3.40334032e-03  2.63283800e+00 -9.60339457e-01 -1.27349022e+00 6.87892148e-03  1.05692575e-03]
Joint velocities: 
 [-1.24028583e-03 -7.63021424e-03 -5.50267007e-04 -1.16944997e-03
 -9.19373550e-03  4.67082968e-03 -5.98266531e-05 -5.95310453e-03
 -8.68351620e-03  5.29248073e-05 -5.52323917e-03 -5.73059835e-03
  7.26140306e-04 -2.34222991e-04  5.99205655e-04  4.23579924e-05
 -1.65521296e-04  4.84943706e-05]
Joint efforts: 
 [3.1590534779472406, -15.06193603923453, 32.31145845431101, 
 -4.601385405196842, -15.094793774602255, 23.115616624732873, 
 1.962132346935459, 63.215273043870994, 90.14583634835837, 
 1.4175842397318745, 54.650070305942734, 80.4353682086399, 
 -0.3475773313649465, -13.281464697798793, -3.9720301584475055, -2.6514000500550705, -0.03356519637193543, 0.009940936159764428]
Limb contact forces: 
 [165.63325731 130.5123837  257.26664802 229.11259289   0.        ]
-----------------------------------------------------
-----------------------------------------------------
Current time: 
 10.3796
IMU angular velocity: 
 [-0.00674347 -0.0095035   0.00705605]
IMU linear acceleration: 
 [1.27338788 0.50547031 9.72684027]
Joint positions: 
 [-1.16685464e-02  8.05979633e-01 -1.61965802e+00  1.70720121e-02
  8.06141228e-01 -1.58573258e+00 -4.90430854e-03  5.92063573e-01
 -1.72521616e+00 -3.54486571e-03  6.13469232e-01 -1.70099047e+00
  3.40348562e-03  2.63283796e+00 -9.60339337e-01 -1.27349022e+00
  6.87888845e-03  1.05693545e-03]
Joint velocities: 
 [-1.24058183e-03 -7.63341142e-03 -5.50015313e-04 -1.16973302e-03
 -9.19732912e-03  4.67245637e-03 -5.98664607e-05 -5.95552139e-03
 -8.68668852e-03  5.29194618e-05 -5.52547739e-03 -5.73303126e-03
  7.26498051e-04 -2.34400036e-04  5.99625710e-04  4.23909392e-05
 -1.65127282e-04  4.84940616e-05]
Joint efforts: 
 [3.159122528924103, -15.061501603689207, 32.31148640804576, -4.601320270119076, -15.094272129250884, 23.115352999265934, 1.9621374118946184, 63.215766228475744, 90.14655326196281, 1.4175800430312622, 54.650527849256264, 80.43584370531218, -0.3475954348720818, -13.281458241704275, -3.9720463458913784, -2.6514012268693468, -0.03356700091156955, 0.00994093637191183]
Limb contact forces: 
 [165.63242718 130.51021461 257.26879324 229.11378713   0.        ]
-----------------------------------------------------
